440
220
50
F 0 1 3 32
E 0 0 1 32 ---
D 0 0 3 16
E 0 0 1 16
D 0 0 1 8
D -5 0 1 64
D 0 0 1 8
F 0 1 1 8
A 1 0 1 8
G 0 0 1 8
B 1 0 1 8
D 1 0 1 8
D -5 0 1 64
D 1 0 1 4
C 1 1 1 16
B 1 0 1 16 ---
A 1 0 3 16
G 0 0 1 16
F 0 1 1 8 
E 0 0 1 8
D 0 0 1 8
E 0 0 1 8
F 0 1 3 4
D -5 0 1 64
F 0 1 1 4 
D -5 0 1 64
F 0 1 1 16
D 0 1 1 16 ---
D 0 0 3 16
E 0 0 1 16
D 0 0 1 8
D -5 0 1 64
D 0 0 1 8
F 0 1 1 8
A 1 0 1 8
G 0 0 1 8
B 1 0 1 8
D 1 0 1 8
D -5 0 1 64
D 1 0 1 4
C 1 1 1 16
B 1 0 1 16 ---
A 1 1 1 8
D 1 0 1 8
F 0 1 1 8
E 0 0 3 8
D 0 0 1 8
E 0 0 1 8
D 0 0 1 4
A 0 0 1 4


